-8.19940939686551076e+01
 2.54373480680383400e-03
 9.70614958100385783e-01
 9.81351982297653080e-01
 2.90980197825647623e-02
 9.99349037480808278e-01
 4.56556193030576915e-03
 9.91546567786406041e-01
 6.16255173363193282e-04
 1.85026489942943170e-02
 1.23491036039362264e-04
 9.56936118149461445e-01
 7.42687092887035494e-01
 6.39312389955000724e-35
1.0
 9.99235949072777796e-01
 1.38164657495459906e+01
 1.36355589041399242e+02
 1.21191708562447403e-04
 1.53946196456762485e+00
 1.11499524210371126e+00