-8.20328817713803602e+01
 2.52753057276742339e-03
 9.70874303139381167e-01
 9.81549119994906571e-01
 2.90347670147163527e-02
 9.99354236866266010e-01
 4.54698887600257697e-03
 9.92992385657570198e-01
 2.86921648589030451e-04
 1.83059810848811705e-02
 1.22892045800829724e-04
 9.77195475666824964e-01
 7.94327399130002609e-01
 3.57540545942200256e-31
1.0
 9.99237691935977335e-01
 1.23828554677874294e+01
 1.37885097933784863e+02
 9.05765039846359203e-05
 1.11430786439431717e+00
 7.37239676561523227e-01