-8.18617316401677755e+01
 2.59987348607597412e-03
 9.69692289844264810e-01
 9.80598036725691125e-01
 2.93164212837826975e-02
 9.99330076630741693e-01
 4.62996980153323155e-03
 9.91412912717172912e-01
 2.58587572010619566e-03
 2.00669336895904077e-02
 1.25560419061994155e-04
 9.48117516372150138e-01
 7.52496868379388339e-01
 2.41364754265820912e-26
1.0
 9.99229966278837645e-01
 1.32682042123313586e+01
 1.36991388970708698e+02
 1.14931192807922732e-04
 1.22420979313866152e+00
 5.20188141212392763e-01