-8.18325578646754508e+01
 2.61240622752037131e-03
 9.69586427593786881e-01
 9.80718997533591375e-01
 2.93568343536551729e-02
 9.99330281505304563e-01
 4.64193483566105892e-03
 9.95150770365324511e-01
 3.04849462204042876e-05
 1.82220712777111347e-02
 1.26004262548920547e-04
 9.96856664555655803e-01
 8.04839009738017808e-01
-5.63578474584656990e-44
1.0
 9.99228668593328817e-01
 1.16364407937293919e+01
 1.38608265973049015e+02
 8.48677708031007351e-05
 1.15209788718971295e+00
 1.08720629440470340e+00