-8.19941636728970877e+01
 2.54371767894912178e-03
 9.70615407346654635e-01
 9.81352286281324759e-01
 2.90979075339385662e-02
 9.99349046032217747e-01
 4.56552894783661140e-03
 9.91546707171922392e-01
 6.16238165417053608e-04
 1.85026008340870192e-02
 1.23489960910782350e-04
 9.56938650817777847e-01
 7.42686256779968246e-01
-1.46668088886383022e-40
1.0
 9.99235952202231825e-01
 1.38166222719122604e+01
 1.36355420645853769e+02
 1.21192240499628717e-04
 1.53945945220476532e+00
 1.11499216049139216e+00