-8.19221955697981059e+01
 2.57408065491721103e-03
 9.70103770880888838e-01
 9.80908356764929934e-01
 2.92175561214228809e-02
 9.99338202535280939e-01
 4.60076038238380405e-03
 9.90966656403156954e-01
 2.10065258215539697e-03
 1.95159980873008711e-02
 1.24613160456992265e-04
 9.36670818843683750e-01
 7.18228972094492879e-01
 3.46469842662830133e-32
1.0
 9.99232701280955316e-01
 1.44064453946772915e+01
 1.35762965978687220e+02
 1.37146434981769074e-04
 1.59853437018395761e+00
 9.02269226337805041e-01