-8.15003936858191906e+01
 2.75939467997245733e-03
 9.67050679468900110e-01
 9.78394477961788356e-01
 2.99183151209276611e-02
 9.99276688144590475e-01
 4.80970201195982886e-03
 9.90219111583580558e-01
 6.77524751170786432e-03
 2.29601967931387790e-02
 1.31382490438401869e-04
 9.10642989935055658e-01
 6.64078977627791334e-01
 4.91134748091618593e-23
1.0
 9.99213402939530204e-01
 1.53835972972406623e+01
 1.34769735979001268e+02
 1.76616710860203700e-04
 1.74151834002064465e+00
 6.50284977982365064e-01