-8.17467693684304351e+01
 2.64962400936451323e-03
 9.68866260507716293e-01
 9.79905223646953649e-01
 2.95074031072148114e-02
 9.99313117969112041e-01
 4.68664479517883793e-03
 9.90548563228321632e-01
 4.26534074716947414e-03
 2.10861492488171216e-02
 1.27385873112579917e-04
 9.21932535706116441e-01
 6.91113950705050883e-01
 2.97281810187802265e-30
1.0
 9.99224732021325113e-01
 1.49289986920972666e+01
 1.35233476927064402e+02
 1.56143285165170746e-04
 1.66869403066438937e+00
 7.54209939491480186e-01