-8.16893911346956401e+01
 2.67485193695487762e-03
 9.68473528238940617e-01
 9.79632059223706553e-01
 2.96010747294193181e-02
 9.99305717630408985e-01
 4.71456256885929587e-03
 9.90880607625932552e-01
 4.50937309046563380e-03
 2.15459967158938212e-02
 1.28302352219577945e-04
 9.36023745459575007e-01
 7.29515926867290165e-01
 2.97560020559964638e-23
1.0
 9.99222113501899489e-01
 1.36471638532812634e+01
 1.36603585922672494e+02
 1.29491080166698581e-04
 1.28859715527514007e+00
 4.61478901042374823e-01