-8.19853609948640667e+01
 2.54740014711231496e-03
 9.70541586996896299e-01
 9.81265193682453796e-01
 2.91134765569978290e-02
 9.99347204143609669e-01
 4.57010605831973272e-03
 9.92088850926849175e-01
 1.12317903705548366e-03
 1.89431788551054324e-02
 1.23628821328411264e-04
 9.61926466856597218e-01
 7.74878986883019816e-01
-8.66910341309039215e-29
1.0
 9.99235552014531403e-01
 1.28482366533871364e+01
 1.37417906096816608e+02
 1.01575170228482137e-04
 1.16327014297729314e+00
 6.05427954587201000e-01