-8.17677016215899073e+01
 2.64048618968189394e-03
 9.69150606827897998e-01
 9.80421165125943905e-01
 2.94624184638530330e-02
 9.99322021177280972e-01
 4.67326516324817129e-03
 9.93297589686592208e-01
 3.22392249451986722e-05
 1.82708213507696178e-02
 1.27029883958454468e-04
 9.93233044410747890e-01
 7.61894900316962054e-01
 6.05153506166316920e-53
1.0
 9.99225722442649400e-01
 1.28144797581226726e+01
 1.37346151249115593e+02
 1.09378198049435828e-04
 1.53380901580200657e+00
 1.49269964691895796e+00