-7.13283642012374912e+01
 2.81121103988901944e-02
 2.42560992314288015e-01
 2.38174745900387508e-01
 3.07971140510401474e-05
 9.97741374070643006e-01
 4.12927414513954358e-02
 2.95345530665017536e-02
 1.66962671827602200e-03
 9.35875327208112617e-01
 1.20850874010641052e-05
 8.67309163821312554e-03
 5.02057957600880408e-04
 9.78618676557390654e-01
 1.42238188624764367e-02
 3.60777249075454887e-02
 8.22473809147149293e-01
 1.74084541103861221e-06
 3.75746872788806204e-07
 3.42250060317355942e+00
 7.46844601021577570e-01
 1.70978373265741439e-02
 1.25441628176923697e-01
 6.86256893379430348e-03
 6.46107179624872308e-04
 3.23634362704241152e-03
 1.36259748351415910e-01
 4.17280027833049228e-03
 1.25665360039193940e-02
 1.95825162318484687e-02
 9.97134416991820594e-02
 1.80772465237553415e-01
 8.26631981086350365e+00
 8.26590721043709209e+00
 8.26600133842638485e+00
120.0
 1.12541650803586091e+00
 3.01318483147680572e-04
 2.12866848360943891e-04
 4.96086335746721674e-01
 1.93655014576288217e-04