-7.56438239284065759e+01
 1.23301411291532360e-02
 3.94146799147858051e-01
 2.10775372681084872e-01
 1.50081018277942970e-05
 9.98646920557633044e-01
 6.03018268958948195e-02
 4.55116275635658457e-02
 1.12929464656275676e-03
 9.54241291860008833e-01
 7.84649736864848242e-03
 6.43581993971956666e-03
 3.06039393199798650e-04
 9.30880204800207056e-01
 7.16114181185354640e-03
 3.54222867029480165e-02
 7.13534307396123779e-01
 2.90847497221175785e-06
 1.16766134877587163e-06
 3.90510876070671387e+00
 8.52114304355277241e-01
 2.20360917938520091e-02
 1.31004496059854147e-01
 4.21418459818005773e-03
 8.85566052751050447e-04
 5.42448328075629746e-03
 1.34056923506715081e-01
 5.30323901258074066e-03
 1.67696176962173482e-02
 2.72968429466308483e-02
 1.14600463139612960e-01
 2.18593922060629386e-01
 1.06753338225070156e+01
 1.06764139451163143e+01
 1.06766783825801443e+01
120.0
 1.15463539076975108e+00
 4.05128687160658115e-04
 2.98490044381439655e-04
 5.19256393870376476e-01
 2.67388329227916653e-04