-6.99445473871504646e+01
 3.61586347280208817e-02
 1.98883460856276978e-01
 1.65589888354371079e-01
 3.87859419332721935e-05
 9.97178816393821443e-01
 4.19397745831500066e-02
 3.00587766759688318e-02
 1.89305730899912454e-03
 9.28240479292118281e-01
 1.21880573851563048e-04
 9.54977829763313177e-03
 5.89728899566228774e-04
 9.82342605573422789e-01
 1.76602543088364011e-02
 2.56494291611072539e-02
 8.21238804834193425e-01
 1.82582937328131392e-06
 3.97428107314689834e-07
 3.33130485193472259e+00
 7.26892001523552711e-01
 1.73667597873665910e-02
 1.24520419518692818e-01
 7.32573489525882842e-03
 6.58590381865310011e-04
 3.06386171468802466e-03
 1.36437668740237494e-01
 4.23591092508689409e-03
 1.27444691885042986e-02
 1.98770381797660593e-02
 1.00443460998946243e-01
 1.82435015998458711e-01
 7.87421345987476418e+00
 7.87324341745906153e+00
 7.87329058335764920e+00
120.0
 1.13586617672435164e+00
 3.05681218715922953e-04
 2.16117215815222888e-04
 5.04266077637213872e-01
 1.97480551176626597e-04