-6.87100113623957043e+01
 4.49878120119288002e-02
 1.64468013324614165e-01
 1.62225897652336526e-01
 4.76459099792385835e-05
 9.96576363206941984e-01
 3.94025058410745338e-02
 2.84258797966550104e-02
 2.11739018995867664e-03
 9.20777560032475351e-01
 8.65376375267403818e-06
 1.04043816593590611e-02
 6.80618078580642232e-04
 9.91451026023200677e-01
 2.13837580887389044e-02
 2.45938354026114317e-02
 8.24782029417406526e-01
 1.53003353570058747e-06
 3.25039250972394283e-07
 3.22299775315131676e+00
 7.03273453847489294e-01
 1.66395275802490132e-02
 1.23388150738202543e-01
 7.86731946712431775e-03
 6.24033242916949000e-04
 2.83284980302105473e-03
 1.36669670516229635e-01
 4.06113569885357007e-03
 1.19813249224162491e-02
 1.88432914051280681e-02
 9.72879066747633775e-02
 1.76647611527459697e-01
 7.42894897113209662e+00
 7.42782654069204629e+00
 7.42784419463738299e+00
120.0
 1.10698402652122518e+00
 2.86976624729496309e-04
 2.04705125376386423e-04
 4.81936962031512206e-01
 1.86863906493799542e-04