-7.03476035814949938e+01
 3.36266006598985867e-02
 2.10507946164329995e-01
 1.46118686440688317e-01
 3.62669813478846086e-05
 9.97344709911389238e-01
 4.35916457850646435e-02
 3.12306313452255339e-02
 1.82514886145589269e-03
 9.30473145855767902e-01
 3.57176243536689794e-04
 9.28753922100283846e-03
 5.62940819147583369e-04
 9.77675964556260380e-01
 1.65849101339603476e-02
 2.39712813421305085e-02
 8.14707943273344282e-01
 2.00240723921173091e-06
 4.55408880518526187e-07
 3.37574989650095780e+00
 7.36573171934849835e-01
 1.78385533645530163e-02
 1.25035862030372147e-01
 7.08255742603104265e-03
 6.80988786567305313e-04
 3.18123183361507635e-03
 1.36320479409748202e-01
 4.34751031057844205e-03
 1.32121493067872148e-02
 2.05584427569918127e-02
 1.02294860593760542e-01
 1.86159316354296056e-01
 8.06367643267967260e+00
 8.06271837666847802e+00
 8.06277533865353568e+00
120.0
 1.14937148818771906e+00
 3.17167515178663274e-04
 2.23646828337586463e-04
 5.15012308662013862e-01
 2.04362506306133499e-04