-6.87420963018274875e+01
 4.47367653425141190e-02
 1.61495648754896831e-01
 7.75857385314367015e-02
 4.73963397834803080e-05
 9.96479925601974070e-01
 4.30429656881344616e-02
 3.06721890880074025e-02
 2.11159137130387297e-03
 9.20409218217905445e-01
 2.02848221291445583e-04
 1.03903754921799377e-02
 6.79151112918392752e-04
 9.84463486896420714e-01
 2.12782585438673101e-02
 1.53713358901074529e-02
 8.18216316577897396e-01
 1.94221534031390657e-06
 4.31497686619039090e-07
 3.25819397750992801e+00
 7.10926124394872461e-01
 1.76117785682024242e-02
 1.24301206025699010e-01
 7.43898140466507912e-03
 6.70500712141657799e-04
 3.02066970722557858e-03
 1.36483235512588175e-01
 4.29513076584464235e-03
 1.29997617670039225e-02
 2.01999369313731088e-02
 1.01470600248533924e-01
 1.84230642823192264e-01
 7.57162771491265474e+00
 7.57019590494438788e+00
 7.57020749602669252e+00
120.0
 1.14838619407620035e+00
 3.11946919587262849e-04
 2.19683210952464377e-04
 5.14221494220105657e-01
 2.01148026276158149e-04