-7.36403113643712857e+01
 1.81988811302828124e-02
 3.23749256464346935e-01
 2.74114824916418920e-01
 2.09503756737673470e-05
 9.98444679627488285e-01
 4.45029759732930574e-02
 3.22271597303637261e-02
 1.35368917105660566e-03
 9.46838408897439643e-01
 8.05712244799125510e-04
 7.38603270078567672e-03
 3.84053952847408374e-04
 9.59668038592321748e-01
 9.86759808808707756e-03
 4.12604846108829831e-02
 8.06966218451627415e-01
 2.01386428679905758e-06
 4.81728728198624148e-07
 3.62301086704439390e+00
 7.90596465003267301e-01
 1.80954925280103519e-02
 1.27775286596782112e-01
 5.73335202322828794e-03
 6.92426090433815710e-04
 3.91859788192417714e-03
 1.35568427730946850e-01
 4.40483934745480952e-03
 1.34692468684403585e-02
 2.11149527568356699e-02
 1.03295698785734524e-01
 1.89165887893795154e-01
 9.19494806141056920e+00
 9.19533606548769278e+00
 9.19551367376207018e+00
120.0
 1.13671570138879563e+00
 3.23486946458939920e-04
 2.29798928229685441e-04
 5.04936384746065947e-01
 2.07851645906210949e-04