-7.52475369903522306e+01
 1.33280586384872720e-02
 3.82298834483583649e-01
 2.43123908721128601e-01
 1.60301719254847984e-05
 9.98751545414076847e-01
 5.30596757619379578e-02
 3.98484197518377756e-02
 1.17029682174219374e-03
 9.53115780115668554e-01
 5.00325338036093463e-03
 6.61010998441835355e-03
 3.19559685132418702e-04
 9.39658532854608541e-01
 7.63185805625685078e-03
 3.89599005904451914e-02
 7.51257360351579528e-01
 2.55997171791473105e-06
 8.47599513812952232e-07
 3.82432237705664591e+00
 8.34500592895506821e-01
 2.05491910756497864e-02
 1.30084271753912406e-01
 4.64382993069485227e-03
 8.10010228129484601e-04
 4.90001239612854102e-03
 1.34581922308614682e-01
 4.96515909756632678e-03
 1.54851103287823987e-02
 2.48864604828408845e-02
 1.10512634166553672e-01
 2.07928837125866822e-01
 1.02284672551155804e+01
 1.02294296651021863e+01
 1.02296754593398020e+01
120.0
 1.14799988644266060e+00
 3.73238801598344905e-04
 2.71628790363717557e-04
 5.13912577810737181e-01
 2.44010067016241667e-04