-7.36403683021379578e+01
 1.81987314357818335e-02
 3.23751387891233144e-01
 2.74117402470522742e-01
 2.09501769768924484e-05
 9.98444693933280392e-01
 4.45030052374945570e-02
 3.22271766431664886e-02
 1.35368217932222801e-03
 9.46838657129330241e-01
 8.05712657011069017e-04
 7.38600342230222306e-03
 3.84051413579557591e-04
 9.59668188669672295e-01
 9.86751686286778742e-03
 4.12609156898623361e-02
 8.06966128104510294e-01
 2.01386643452646687e-06
 4.81729525470161768e-07
 3.62301529506966569e+00
 7.90597432653322829e-01
 1.80954959691444796e-02
 1.27775290213555159e-01
 5.73335027717775548e-03
 6.92426261687947462e-04
 3.91859907956275226e-03
 1.35568426527973268e-01
 4.40484018063406774e-03
 1.34692539352148696e-02
 2.11149621413057320e-02
 1.03295725512264902e-01
 1.89165936446431870e-01
 9.19496955994793197e+00
 9.19535758960954119e+00
 9.19553520026188842e+00
120.0
 1.13671575625370669e+00
 3.23487120389984238e-04
 2.29799032143422621e-04
 5.04936428064459930e-01
 2.07851698764328598e-04