-7.45954354645378430e+01
 1.51360986822055218e-02
 3.58904379239654181e-01
 2.65685310386966300e-01
 1.78686165117826472e-05
 9.98659475787343265e-01
 4.80240292510700773e-02
 3.54598185363821303e-02
 1.24142208803185963e-03
 9.50733702413223969e-01
 2.53045850130330765e-03
 6.91337827667927018e-03
 3.44104372574553265e-04
 9.49137730460051565e-01
 8.47250090157325789e-03
 4.10066523338243755e-02
 7.83364876516671416e-01
 2.25998744912241327e-06
 6.24978423982006190e-07
 3.73085844917183262e+00
 8.14119018388236082e-01
 1.92053017991787832e-02
 1.29018306470971733e-01
 5.14415452867681908e-03
 7.44613740637796841e-04
 4.39783000551387249e-03
 1.35085849981749939e-01
 4.65884506527253391e-03
 1.43731305303542323e-02
 2.27978667161620983e-02
 1.06663607312365086e-01
 1.97877201029957761e-01
 9.73505945643484871e+00
 9.73579619539741969e+00
 9.73601332219272031e+00
120.0
 1.14202613677156006e+00
 3.45750524117253966e-04
 2.48434193845083716e-04
 5.09143328048707433e-01
 2.23867683225885714e-04