-6.92635193680677617e+01
 4.08203990945463571e-02
 1.78157624636586881e-01
 1.02292286348083114e-01
 4.34487995335930879e-05
 9.96830673219313179e-01
 4.43552545276612795e-02
 3.14632656647201928e-02
 2.01381058471712280e-03
 9.24055701561092735e-01
 2.68771748976573042e-04
 1.00148699187955666e-02
 6.38564314364026232e-04
 9.81162068309386903e-01
 1.96301915596038337e-02
 1.85243203671754293e-02
 8.17024022691328566e-01
 2.13491346079720729e-06
 4.78116047734267560e-07
 3.30962194773105578e+00
 7.22139198484679001e-01
 1.79771317390497523e-02
 1.24810686566846782e-01
 7.19561701773255812e-03
 6.88359253824748695e-04
 3.13172716879529410e-03
 1.36371854165740353e-01
 4.38305408375350841e-03
 1.34295017343453865e-02
 2.07255021378353402e-02
 1.03124107831730913e-01
 1.87015780313654040e-01
 7.78375444230693780e+00
 7.78235303243847287e+00
 7.78237694572367200e+00
120.0
 1.16348742399940663e+00
 3.22515169917344353e-04
 2.25497575159149351e-04
 5.26460291852342777e-01
 2.06653604616158465e-04