-7.80069846431355245e+01
 2.02900837473843744e-03
 9.38672367295143917e-01
 9.24760936458729921e-01
 6.80037922010075938e-06
 9.99204584238740479e-01
 9.99131506170091166e-01
 9.70328785082814060e-01
 7.59027137306084805e-04
 9.63174705559275091e-01
 2.30513243816318189e-04
 9.68276275839009881e-01
 6.03135383176525968e-03
 2.72571583716515576e-05
 4.96902639004502544e-02
 1.09629573520922997e-05
 9.99999400643522551e-01
 2.97005945240074176e-01
 4.49988633419771917e-05
 9.95863231008626393e-01
 2.23049454838211036e-01
 3.26456353949942251e-05
 9.95837265068160060e-01
 2.35626791024038190e-01
 1.99297100345358073e-05
 9.95248075745604033e-01
 2.57405729822405338e-01
 5.07356469519515841e-03
 4.90946006372572265e-03
 4.61684475832076311e-03
 4.40307489502095133e-03
 9.57854455095848145e+00
 1.00987836235893376e+01
 1.44752693495891890e+02
 1.74748155927140870e-04
 1.43553455984631387e-04
 1.46638592392222666e-04
 1.53804705351348354e-04
 1.68366218171313000e-04
 6.44435352563936248e-01
 6.26785765103907822e-01
 5.96131471592224016e-01
 5.61102802252128718e-01