-7.70974119534470077e+01
 2.26618606664353173e-03
 9.28045980403026105e-01
 9.27438004823402662e-01
 7.95532557478973594e-06
 9.99096466700302943e-01
 9.99100762815723575e-01
 9.74926836620928605e-01
 8.24418459340787351e-04
 9.60264172884722766e-01
 2.56247244457125740e-04
 9.75409332280215646e-01
 4.03567815563905634e-03
 3.17022372740826812e-05
 6.24914522543902756e-02
 3.84528278270045273e-05
 9.99974390751165232e-01
 2.44920781358213213e-01
 9.27181128111737756e-05
 9.99394639527724449e-01
 1.92813703360829980e-01
 7.57721417201172960e-05
 9.99519826457826110e-01
 2.01239729567015996e-01
 5.50811958386505772e-05
 9.99560215786084338e-01
 2.16371809478126453e-01
 4.65875961803948607e-03
 4.52968696690381201e-03
 4.33954178327471476e-03
 4.25463877984670006e-03
 8.79903049438606111e+00
 9.34420005562783906e+00
 1.45529094827247263e+02
 1.60341781916973269e-04
 1.35128796648321161e-04
 1.37629692556410474e-04
 1.43397437408261598e-04
 1.54835746377858719e-04
 6.20836786341194879e-01
 6.09481266558770662e-01
 5.92349044671326319e-01
 5.75807551992334465e-01