-7.77823390157387706e+01
 2.08518417191489976e-03
 9.35528566908674697e-01
 8.96901823312228230e-01
 7.07259308085733048e-06
 9.99170835983516969e-01
 9.98754939029998345e-01
 9.66437226426141049e-01
 7.74809660559530795e-04
 9.62398259815814838e-01
 2.36977884839724879e-04
 9.68572512194590174e-01
 6.42519997399104356e-03
 2.86362843366496079e-05
 4.19686623405433265e-02
 1.12828335354372528e-05
 9.99999297522194741e-01
 3.07820938322585891e-01
 1.21124565666026052e-04
 9.66920500719694931e-01
 2.07630157212015803e-01
 7.64516439043834163e-05
 9.71609744364025141e-01
 2.24427220375844672e-01
 3.51409570652251658e-05
 9.74753387326476983e-01
 2.54669482050547846e-01
 6.03408690661718337e-03
 5.91637206784488470e-03
 5.70091039939175925e-03
 5.51032570481670755e-03
 9.60576835600711121e+00
 9.87882368943969880e+00
 1.43914177193346262e+02
 1.86111474538882724e-04
 1.56621892607410637e-04
 1.59719554834105777e-04
 1.66780290650462545e-04
 1.80871932104635240e-04
 7.13365151891590998e-01
 6.98623761096226037e-01
 6.70488835798365490e-01
 6.31968282512312851e-01