-8.40091164222703810e+01
 9.77773349712925859e-04
 9.79475014156440005e-01
 9.76721303139029051e-01
 2.41560312601442065e-06
 9.99659668683755109e-01
 9.99659749122578822e-01
 9.75589926327469548e-01
 4.39933781406746428e-04
 9.77830987961875286e-01
 1.14636713857534897e-04
 9.77273831369610213e-01
 3.64102010384650910e-03
 9.98097248157646716e-06
 1.02159767842909671e-01
 2.99476219272971441e-05
 9.99988012281015415e-01
 2.50186579078832239e-01
 8.16533295830920047e-05
 9.99463903124551911e-01
 1.98529163758032229e-01
 6.52175405991247195e-05
 9.99538265376020751e-01
 2.07101731370250619e-01
 4.53990183405416067e-05
 9.99514319124462758e-01
 2.22460874724087126e-01
 5.00837777840927069e-03
 4.86248181082290457e-03
 4.64420752444822792e-03
 4.51738810929058505e-03
 9.58505208024802080e+00
 1.00018026973169860e+01
 2.01856379543748517e+02
 1.58160939383752524e-04
 1.37120131808985318e-04
 1.39096304645036775e-04
 1.43823162103991859e-04
 1.53490182981868667e-04
 6.48990924600355013e-01
 6.37039604656085445e-01
 6.19216589999731615e-01
 6.02742488790073860e-01