-7.81078903514144400e+01
 2.00429439792148851e-03
 9.37945557797771334e-01
 8.63745309402400019e-01
 6.69264310706049666e-06
 9.99190904858369255e-01
 9.97725455309331655e-01
 9.54843561342052283e-01
 7.52460806789657694e-04
 9.63275442157980666e-01
 2.28799882576229997e-04
 9.63653422289680206e-01
 7.85794071754481079e-03
 2.84064252698795926e-05
 3.50122398084315514e-02
 6.21470410085639523e-06
 9.99999669497357191e-01
 3.57182573828005778e-01
 8.35086338472227426e-05
 9.47163578254228145e-01
 2.43997552956817187e-01
 4.58910278942136502e-05
 9.48957610221368708e-01
 2.65966828104502950e-01
 1.95372844843472015e-05
 9.45541889379338474e-01
 3.01089015071822341e-01
 7.74804347087483958e-03
 7.57123443198526747e-03
 7.30283776729553479e-03
 7.11605734327932626e-03
 1.03069578546975311e+01
 1.04060771916925674e+01
 1.43260281219559602e+02
 2.16940071192759390e-04
 1.80748245665603174e-04
 1.84646128120391799e-04
 1.93631267895251193e-04
 2.11674291451319560e-04
 8.27061737967590971e-01
 8.05454427494002645e-01
 7.64593804618112660e-01
 7.05110874458507175e-01