-7.72508309481692521e+01
 2.22432439701357541e-03
 9.29924667156309614e-01
 9.18986547654344066e-01
 7.74752753240144308e-06
 9.99115315293396922e-01
 9.99072667520457425e-01
 9.74065999503406332e-01
 8.13004024268682533e-04
 9.60769253024997938e-01
 2.51712119433533828e-04
 9.73842042085965809e-01
 4.87715069289365068e-03
 3.09170788917924270e-05
 5.20700625568610714e-02
 2.48780354321114292e-05
 9.99993004181662259e-01
 2.60783173901366239e-01
 1.88409194979884592e-04
 9.91588384825594082e-01
 1.73220406913299096e-01
 1.18889668026838971e-04
 9.95217990216343273e-01
 1.89485537277049254e-01
 5.53310481892142523e-05
 9.96445285712231343e-01
 2.18259770195781799e-01
 4.57936694188517974e-03
 4.45639967717801223e-03
 4.26308952041956190e-03
 4.15166852402020555e-03
 8.91695532651087497e+00
 9.34394739255541396e+00
 1.44528318048888679e+02
 1.63100759678977799e-04
 1.36146868799392909e-04
 1.38844760686219148e-04
 1.45071792288966212e-04
 1.57445674515786007e-04
 6.11242098479761520e-01
 5.98679919113707215e-01
 5.77973341471950897e-01
 5.55039392049797353e-01