-7.90814113019345655e+01
 1.78058105384754301e-03
 9.47675525807663899e-01
 8.73323666445395719e-01
 5.65925968737592694e-06
 9.99292003976374299e-01
 9.97587258364086904e-01
 9.45926124583938210e-01
 6.88805230695391951e-04
 9.66141020545692286e-01
 2.04402128067005228e-04
 9.55858416909926012e-01
 9.67636479695891533e-03
 2.46133706454982678e-05
 3.45430617438274579e-02
 2.72068078045388324e-06
 9.99999261647411597e-01
 4.03778813460541952e-01
 1.93447263541591991e-05
 9.46335912527410894e-01
 2.88681608452170946e-01
 1.10334453201441965e-05
 9.49063937748052755e-01
 3.12133252119202120e-01
 5.76443733141127878e-06
 9.44988726924385514e-01
 3.46789923889957941e-01
 6.94290871110516804e-03
 6.81082099435948059e-03
 6.57020016859202315e-03
 6.63072083305976754e-03
 1.13305815725574259e+01
 1.16984294228310937e+01
 1.43331615268828983e+02
 2.38379051506904552e-04
 1.81245933845793165e-04
 1.87552636133876867e-04
 2.01611835625501470e-04
 2.29478893330996336e-04
 7.48469159039999221e-01
 7.22322554009206863e-01
 6.66242348962376774e-01
 5.75523966810307264e-01