-7.54125525490962332e+01
 2.78098747600797128e-03
 9.03133784025219932e-01
 9.04247950784238586e-01
 1.06418009104025859e-05
 9.98848420502135959e-01
 9.98851960042051901e-01
 9.74615459715833632e-01
 9.60895490198113026e-04
 9.54211508643604267e-01
 3.12080076168748670e-04
 9.87900514882610326e-01
 1.26464071984464031e-03
 4.22347658216737788e-05
 9.71901332393550615e-02
 3.98481108530965202e-04
 9.71157751076156983e-01
 1.76056400357762211e-01
 3.97818542402062967e-04
 9.74155677018178512e-01
 1.53250751790709683e-01
 3.89066124189991656e-04
 9.76100767693704907e-01
 1.56363209765756211e-01
 3.79055338754716547e-04
 9.78345003486471687e-01
 1.62380321925729404e-01
 4.92599768846801664e-03
 4.92254684403994024e-03
 4.92230273532214425e-03
 4.97437263178444108e-03
 8.10115388255409385e+00
 8.43753348366682410e+00
 1.46555691148803589e+02
 1.61407893937620483e-04
 1.38783520882353244e-04
 1.41271805628434213e-04
 1.46582704948345331e-04
 1.56387406876337491e-04
 6.49457423089803920e-01
 6.47753589717740663e-01
 6.44241775222917368e-01
 6.37415396371203036e-01