-7.86771182738984578e+01
 1.87027549755796577e-03
 9.45010610077874902e-01
 9.05163263362340542e-01
 6.06128668433137991e-06
 9.99269057950369244e-01
 9.98758381030377285e-01
 9.61293525576110586e-01
 7.14313391430688159e-04
 9.65118610658612375e-01
 2.13545927303331658e-04
 9.61752300113160152e-01
 7.93149687509484523e-03
 2.46916494803794419e-05
 4.09176381181811030e-02
 4.23017014672028175e-06
 9.99999962829779987e-01
 3.51537850058809942e-01
 2.57765338640067996e-05
 9.80412584505103823e-01
 2.56245037778111306e-01
 1.67040595551132396e-05
 9.80955967177907340e-01
 2.73519766051136870e-01
 9.03845024016623431e-06
 9.79083988873741484e-01
 3.01767612588316247e-01
 5.84669305745198677e-03
 5.69110685430321370e-03
 5.38765062526984709e-03
 5.19947927163950940e-03
 1.04522361176505232e+01
 1.09016797277345017e+01
 1.44006425609807167e+02
 2.00332572911487896e-04
 1.59265212707304448e-04
 1.63553826966390993e-04
 1.73298802157240378e-04
 1.92928535726091642e-04
 6.88609399462986826e-01
 6.66628029279179191e-01
 6.23179964420701782e-01
 5.62776692714798576e-01