-7.65442905773563353e+01
 2.42374179692112900e-03
 9.20684924627569456e-01
 9.20710895555794329e-01
 8.75192559714304058e-06
 9.99022522712168737e-01
 9.99028046015789428e-01
 9.77198451941494128e-01
 8.66917371762997808e-04
 9.58379114719961955e-01
 2.73318554886763695e-04
 9.79774683657293255e-01
 3.28325102862236365e-03
 3.47951525721284895e-05
 6.50538863716531163e-02
 6.38204766205538920e-05
 9.99881781152225146e-01
 2.22174250809199281e-01
 1.79016439793268150e-04
 9.97311963738903295e-01
 1.64670093060233724e-01
 1.37355434773881450e-04
 9.98696659973274725e-01
 1.75206597849007245e-01
 9.51603534165880449e-05
 9.99395896362173297e-01
 1.92111066049286433e-01
 3.83856648436549548e-03
 3.75627841225574782e-03
 3.64093847795526069e-03
 3.62427441782955332e-03
 8.38639384009064592e+00
 8.84077175276171445e+00
 1.45081638839736343e+02
 1.52738422634294993e-04
 1.26375937705206501e-04
 1.29135592284605749e-04
 1.35273597815589665e-04
 1.46999589453904043e-04
 5.55182837820062502e-01
 5.46762830641515318e-01
 5.33882055627956653e-01
 5.20575639961205039e-01