-7.51603506221238291e+01
 2.86749387184780536e-03
 8.98849111214575780e-01
 8.99877994755895250e-01
 1.11150984855752904e-05
 9.98806379185058546e-01
 9.98809648913868919e-01
 9.76365825081733973e-01
 9.83169506467074976e-04
 9.53238755321902720e-01
 3.21392489531180500e-04
 9.90032109576784447e-01
 1.11373003823882037e-03
 4.40660849673708683e-05
 9.88152209466611336e-02
 4.21582694978091341e-04
 9.65858874437716119e-01
 1.68584211944133866e-01
 3.95672982823712892e-04
 9.73973781265499161e-01
 1.44549014231074774e-01
 3.92111265353179425e-04
 9.74959223142500275e-01
 1.47672592934942809e-01
 3.89957455953006871e-04
 9.75872879280171079e-01
 1.53868800668501809e-01
 4.05285623501330881e-03
 4.05480348189025692e-03
 4.06374132912834442e-03
 4.13636287443110238e-03
 7.92838092222720014e+00
 8.22970159793293377e+00
 1.45880897863865044e+02
 1.55600666220922628e-04
 1.29845280690741986e-04
 1.32735833799943947e-04
 1.38835416428162564e-04
 1.49947177196035073e-04
 5.78328258689621011e-01
 5.76673450060179671e-01
 5.73145228993069300e-01
 5.66090847669094233e-01