-7.84107132071656565e+01
 1.93185473014632274e-03
 9.41791395344378834e-01
 9.22112186777392706e-01
 6.35238997327294906e-06
 9.99240507215838014e-01
 9.99131330673078577e-01
 7.32055896374106353e-04
 9.64226209316435101e-01
 2.20825385019187852e-04
 9.71667442624664646e-01
 5.91603406729110468e-03
 2.59814789039344675e-05
 1.32350779372182046e+02
 5.91462953038184125e+00
 1.52338398483304609e-05
 1.66230499614417389e-05
 6.36672912064107071e-03
 3.04141285821842586e-03
 6.02597367814044077e-02
 8.29270618362034528e-01
 1.35969410372419253e+00
 1.80253910678263596e+00
 6.05960612349768102e+00
 1.30035824687967136e+02
 3.66667623459121628e-01
 1.22360644854998454e-05
 1.27786460117046335e-01
 1.37139970955671237e-01
 1.22201393624618460e-01