-7.79671741721743672e+01
 2.03887799034715338e-03
 9.36764156794490099e-01
 8.96234047415515489e-01
 6.85913465655218971e-06
 9.99190772379878078e-01
 9.98733326449687708e-01
 7.62224174300902418e-04
 9.62834702006388321e-01
 2.32689409503374143e-04
 9.66409388266046276e-01
 7.43137594545924696e-03
 2.83434584129938298e-05
 1.32027530291303606e+02
 6.22920973296065306e+00
 1.76552505746565198e-05
 1.91981701234868495e-05
 7.37457832967491726e-03
 3.52508908076399697e-03
 7.30499574904629190e-02
 8.17978158628476559e-01
 1.36182458635054981e+00
 1.80343243606153636e+00
 6.20483981082658875e+00
 1.30032719069626609e+02
 3.13119501821657487e-01
 1.85594785758250734e-05
 1.33115452163692832e-01
 1.51051569948074227e-01
 1.28135027104432725e-01