-8.06320956758739555e+01
 1.47456629184385081e-03
 9.61268768879887325e-01
 9.59794277003609642e-01
 4.32868832779513636e-06
 9.99445577749447422e-01
 9.99443273782896657e-01
 5.98157616659606393e-04
 9.70382284282062413e-01
 1.70296007268630939e-04
 9.74007248947230120e-01
 3.68214625260181996e-03
 1.77900696859033769e-05
 1.32277578278390479e+02
 5.96130543981051897e+00
 1.71829929196853546e-05
 1.90151338341159630e-05
 7.16989800294867956e-03
 3.42594394159564984e-03
 6.00227826199770040e-02
 8.29486687255244215e-01
 1.35972309614527620e+00
 1.80898778299977114e+00
 1.30037615790818791e+02
 5.28208488244467533e-01
 2.71293186683868179e-05
 1.71596307211834692e-01
 1.75342199345810579e-01
 1.72638548605185710e-01