-7.95457512924439669e+01
 1.68282671770369021e-03
 9.52886754046719631e-01
 9.52645256120162376e-01
 5.22033316714850134e-06
 9.99353992880232300e-01
 9.99352549908097854e-01
 6.60204258433576686e-04
 9.67544282640203313e-01
 1.93216306719971512e-04
 9.86820754410571821e-01
 1.11401083470221893e-03
 2.13149621710570004e-05
 1.33222016877020934e+02
 5.04025115892195341e+00
 1.33167020322774877e-05
 1.54832858321632469e-05
 5.56426148577126006e-03
 2.65634822393027038e-03
 4.53828365657390140e-02
 8.42408263373112698e-01
 1.35724688347588818e+00
 1.80679156412310316e+00
 5.53795584087224579e+00
 1.30046244143623369e+02
 7.88595533221249090e-01
 1.53662437685722409e-05
 1.43641253149967507e-01
 1.39425310364262645e-01
 1.39776428804585073e-01