-7.91557349536702901e+01
 1.76455601422677039e-03
 9.49374087247948695e-01
 9.47878472806868211e-01
 5.58416343308137663e-06
 9.99317216959102583e-01
 9.99313376332086167e-01
 6.84046307993608376e-04
 9.66447281982249051e-01
 2.02252386129562692e-04
 9.82886885578672431e-01
 2.84859404557417364e-03
 2.27885882660304307e-05
 1.33032793874662246e+02
 5.24521522108941163e+00
 1.17882087781289840e-05
 1.29553367069191420e-05
 4.92960638367592480e-03
 2.35267386020701933e-03
 4.18287345464517374e-02
 8.45543068349937199e-01
 1.35662537372449865e+00
 1.79995709888154209e+00
 5.76898826432464862e+00
 1.30043625764745428e+02
 5.42391599497368260e-01
 6.59578293525905831e-06
 1.19834107108088575e-01
 1.17161043063440426e-01
 1.13485011844149192e-01