-7.91371400996553120e+01
 1.76855134415360355e-03
 9.49134289621909932e-01
 9.47079684618809314e-01
 5.60264171805225291e-06
 9.99315186313141202e-01
 9.99309510613844987e-01
 6.85225720337368231e-04
 9.66383733992839611e-01
 2.02745402562047334e-04
 9.72707428144413355e-01
 3.86316175273808274e-03
 2.28901277010921454e-05
 1.32398664924121164e+02
 5.83916574554802636e+00
 1.73517192901671015e-05
 1.96940738704074867e-05
 7.23984018513217087e-03
 3.45949627263149404e-03
 6.05991654916957015e-02
 8.28978005913113214e-01
 1.35982114898945494e+00
 1.80917017954067449e+00
 5.75745720113591375e+00
 1.30038369761277579e+02
 5.27127019972967070e-01
 2.81004679710868409e-05
 1.73129229679858637e-01
 1.77180204511100753e-01
 1.74503291569195335e-01