-7.82541309218809999e+01
 1.96898416111628439e-03
 9.39880433717317554e-01
 9.14715661528788471e-01
 6.52817063222488789e-06
 9.99222739283070260e-01
 9.98970639948440375e-01
 7.42617842391540741e-04
 9.63715382159670231e-01
 2.25069974825121174e-04
 9.56218369802609325e-01
 7.95761870251351401e-03
 2.68094951204769768e-05
 1.31339453680700274e+02
 6.85576817940781513e+00
 2.63848712126396655e-05
 2.92174836867828106e-05
 1.09761853243857486e-02
 5.25614434258403485e-03
 9.93821196762828540e-02
 7.94741184309842419e-01
 1.36633828903649990e+00
 1.81183108177414720e+00
 6.05057172708836433e+00
 1.30028277232497317e+02
 3.48848796638917436e-01
 9.07160238795755801e-05
 2.14965593719729980e-01
 2.46754386997537489e-01
 2.28342296977680853e-01