-7.76918551289022190e+01
 2.10827085405479063e-03
 9.33155203963871305e-01
 8.82773781205286379e-01
 7.19581171146380011e-06
 9.99157423916620879e-01
 9.98111693272124789e-01
 7.81644149378685378e-04
 9.61906813576434483e-01
 2.40558086870370011e-04
 9.48766459198602918e-01
 9.91651940078663342e-03
 3.03151972660434019e-05
 1.30830912483126269e+02
 7.33726884187104034e+00
 3.27157572043955674e-05
 3.59138603381343319e-05
 1.35794089352375726e-02
 6.51226740140348117e-03
 1.25722190652032412e-01
 7.71487861121603835e-01
 1.37077033529945802e+00
 1.81289336015464464e+00
 6.19691435424363668e+00
 1.30023851080031591e+02
 2.94541622888592314e-01
 1.68886126512140427e-04
 2.39629434793471707e-01
 2.92967042956019497e-01
 2.62877511743288272e-01