-7.95200779362053680e+01
 1.68808787870310464e-03
 9.52694692424332024e-01
 9.52533895588783874e-01
 5.24328421367157564e-06
 9.99351746330324642e-01
 9.99350789039618936e-01
 6.61736882063071897e-04
 9.67478358672965166e-01
 1.93772481925849204e-04
 9.91904377178258301e-01
 8.87564379832502122e-04
 2.13951300136348892e-05
 1.33558809589925147e+02
 4.72360540781969274e+00
 1.06978720181546348e-05
 1.17833892216183064e-05
 4.47467387666768135e-03
 2.13493855474943851e-03
 3.66563036935610848e-02
 8.50109209888531892e-01
 1.35575989400056929e+00
 1.79706398132299827e+00
 5.55138526141390010e+00
 1.30051049604910190e+02
 7.97086694971682164e-01
 6.67293459122454494e-06
 1.16160462794161659e-01
 1.10205216898002945e-01
 1.09527560578524183e-01