-7.87408856488052891e+01
 1.85584535281813046e-03
 9.45171059254471424e-01
 9.36047612587086353e-01
 6.00047351861331310e-06
 9.99275167572709622e-01
 9.99239535600667583e-01
 7.10409244081285952e-04
 9.65212095901633815e-01
 2.12470960641386754e-04
 9.64178318901996567e-01
 5.92190220364071599e-03
 2.45535597581804813e-05
 1.31863137303221976e+02
 6.35516995534752027e+00
 2.12803806225833844e-05
 2.38284310090190800e-05
 8.86781949479438329e-03
 4.24139908491475738e-03
 7.73653526985010470e-02
 8.14177542485514549e-01
 1.36263955023714289e+00
 1.81059867625235271e+00
 5.90411038065900140e+00
 1.30033063770229035e+02
 4.22405253781273970e-01
 4.89739735311547255e-05
 1.93151455524948668e-01
 2.08563239932242073e-01
 1.99563647898131830e-01