-7.88124026594604317e+01
 1.83977644509797584e-03
 9.46009249191629764e-01
 9.39113876186432051e-01
 5.92587569705327808e-06
 9.99282894292134238e-01
 9.99265728974176870e-01
 7.05765715503261799e-04
 9.65441717487894757e-01
 2.10605822197983464e-04
 9.77160998397339498e-01
 4.37259696830469020e-03
 2.42000312090252886e-05
 1.32687215274704442e+02
 5.58537200509961274e+00
 1.32504084430242231e-05
 1.45134198026954203e-05
 5.53984494306008612e-03
 2.64498838363342887e-03
 4.96136846620428770e-02
 8.38669935245439313e-01
 1.35792181163950820e+00
 1.80141335399662261e+00
 5.91431658978580721e+00
 1.30039404656062061e+02
 4.39304627146817062e-01
 8.47373875050012640e-06
 1.23368262776907142e-01
 1.25731191426017463e-01
 1.17337075610635833e-01