-7.71635638701654329e+01
 5.60362168077730219e-03
 9.17373183774186751e-01
 9.38500543670604981e-01
 2.25839524741561595e-04
 9.35815392421950665e-01
 1.56565782031282399e-03
 2.22248955341197152e-02
 1.03280557337674175e+01
 1.40676965038159742e-04
 1.31867138000000011e+02
 7.26575664737535099e-01
 1.23133226931675388e-02
 8.84805346934329995e-01
 1.31694947078172305e-04
 9.91936679875626615e-01
 9.80521377948909922e-01
 9.62544268102515088e-03
 9.42503848139238966e-03
 4.59767640051763791e-04
 9.56348838054041139e-01
 1.42063650515740630e-01
 3.64873006860879528e-04
 9.79315183481033413e-01
 2.98610944432523007e-01
 2.40919429075260377e-04
 9.51671699836501239e-01
0.0
0.0
 2.37786965568882820e-16
 3.05333925218090869e-15