-7.78717105577726727e+01
 4.99569129405331470e-03
 9.28580762968540752e-01
 9.46930457682375160e-01
 2.06720573608521656e-04
 8.47436449998342112e-01
 1.58491670764506938e-02
 2.94080467790595983e-02
 1.07029814124241724e+01
 1.48469746573242359e-04
 1.31867138000000011e+02
 7.20715989277209923e-01
 2.09230090802277856e-02
 8.06687319527048974e-01
 1.35563419304210578e-04
 1.13452352344154650e+00
 1.13225367536853239e+00
 1.16072712724007432e-02
 1.15100281871366051e-02
 7.59328016266505753e-05
 9.99823816793691478e-01
 1.99003996723969234e-01
 4.77565329650034916e-05
 9.99816235522624441e-01
 3.74410686979232188e-01
 2.21992039977109091e-04
 9.39129858655103567e-01
0.0
0.0
 2.98447615834268610e-16
 4.01061777586705683e-15