-7.77733533844707665e+01
 5.07610495578784612e-03
 9.27340009984134350e-01
 9.47666939359791738e-01
 2.09260313269837031e-04
 9.88352039058749132e-01
 2.50451657592856095e-04
 2.12864368443286232e-02
 9.67575795398470184e+00
 9.86852675530554160e-05
 1.31867138000000011e+02
 7.80623179855774341e-01
 3.07612445340818344e-02
 8.75448998786339083e-01
 9.83575325646879946e-05
 5.16318589918603021e-01
 5.12089340063690557e-01
 3.22996834238141201e-03
 3.18417909003695584e-03
 3.57336084851756191e-04
 9.78371669690379253e-01
 1.16440549286468992e-01
 9.59353320191179480e-04
 7.05204048380259407e-01
 1.85771075923839152e-01
 2.24340232018713416e-04
 9.76142309000277875e-01
0.0
0.0
 6.69225944098462907e-17
 2.85443049388308461e-15