-7.66825201288376945e+01
 6.05704626543526227e-03
 9.08758550678774091e-01
 9.30509737378020896e-01
 2.39831797194381337e-04
 9.98156530566797318e-01
 6.56106036704627560e-05
 2.22556080547138650e-02
 9.36637866051380641e+00
 9.42040224022334510e-05
 1.31867138000000011e+02
 7.86949082996602711e-01
 6.42697209118974714e-03
 9.45435595658530747e-01
 9.47549696015396499e-05
 4.62747035902570270e-01
 4.59355934886403028e-01
 2.64658072503275339e-03
 2.61793657066755354e-03
 3.41857344626206251e-04
 9.80963706159282300e-01
 1.14178921660502253e-01
 1.04555644656401645e-03
 6.42705795112299749e-01
 1.74271664933294018e-01
 2.54768489264149266e-04
 9.80303567486994654e-01
0.0
0.0
 2.83692682432815715e-17
 2.97939589396074617e-15