-7.69375171067146510e+01
 5.81242506191184758e-03
 9.13313911678732659e-01
 9.34473039138859263e-01
 2.32316761130965237e-04
 9.91879988127585932e-01
 6.98607648956838179e-05
 2.21181074779448553e-02
 9.95542189594460503e+00
 1.16449425271819885e-04
 1.31867138000000011e+02
 7.55851960239182885e-01
 3.31502121500127896e-03
 9.45698646959143518e-01
 1.13034148662357248e-04
 7.03681218808852815e-01
 6.95775082162825909e-01
 5.56206792353815000e-03
 5.43932664410010265e-03
 4.57661910486908952e-04
 9.55339887437931745e-01
 1.23720615230416095e-01
 7.50328611066341166e-04
 8.32863088955608899e-01
 2.28680077992199693e-01
 2.47408326820045866e-04
 9.69288272031642362e-01
0.0
0.0
 1.50737167274803436e-16
 2.93897410938139831e-15