-7.85760459050744942e+01
 4.45494266445879434e-03
 9.38666734522221824e-01
 9.57383916247025235e-01
 1.89284841440956448e-04
 9.65778253288609778e-01
 2.38316279591736443e-03
 2.14100742309605088e-02
 1.00255885756252567e+01
 1.04733451886649466e-04
 1.31867138000000011e+02
 7.72261038075545581e-01
 5.57327721260452019e-02
 7.96071777755344878e-01
 1.03215601016342292e-04
 5.94712838667890042e-01
 5.89798674626638264e-01
 4.14500078759385410e-03
 4.08172510852846358e-03
 3.38705143434863071e-04
 9.81874599167185114e-01
 1.22810341021724556e-01
 5.84906678057733496e-04
 9.24536898818148267e-01
 2.12416036152795723e-01
 2.04330802962148585e-04
 9.69788226567675049e-01
0.0
0.0
 1.21187896000155462e-16
 2.90386116446262204e-15