-7.88545368887996148e+01
 4.25726875108804227e-03
 9.42177394727119144e-01
 9.60232107976359717e-01
 1.82811045531491699e-04
 9.53418289357325532e-01
 4.46546832381216133e-03
 2.20507000712090728e-02
 1.01939608256182037e+01
 1.07976713411451534e-04
 1.31867138000000011e+02
 7.67830879511792297e-01
 6.55342870135131039e-02
 7.66435319849186891e-01
 1.05826279667244508e-04
 6.37115585716769739e-01
 6.32074526408311965e-01
 4.66461785853952097e-03
 4.59354868050737379e-03
 3.17156251739620222e-04
 9.85227391143644327e-01
 1.27336761102566531e-01
 4.00379548326584411e-04
 9.76107665612463871e-01
 2.30092001489331788e-01
 1.97832404397974687e-04
 9.66589933371120646e-01
0.0
0.0
 1.47956997636533990e-16
 2.96647829333617200e-15