-7.82286817763165203e+01
 4.71407985486285534e-03
 9.33988345303395695e-01
 9.53448009779973793e-01
 1.97683507056877671e-04
 9.77749970758491793e-01
 9.63187838529152478e-04
 2.11409720289057988e-02
 9.85478801602979715e+00
 1.01855662859462381e-04
 1.31867138000000011e+02
 7.76222816238428148e-01
 4.44900483673785138e-02
 8.31789033045815085e-01
 1.00900549141097882e-04
 5.55618514565493049e-01
 5.50936446581826056e-01
 3.68161041595555178e-03
 3.62562081625470356e-03
 3.55030337048308907e-04
 9.78939053268628845e-01
 1.19141383565767797e-01
 7.96773740461242746e-04
 8.16522673787122399e-01
 1.97570318231907682e-01
 2.12756562084404852e-04
 9.73006868394740376e-01
0.0
0.0
 9.40007714822436784e-17
 2.86080248259841297e-15