-7.73898767858864005e+01
 5.40189352891667050e-03
 9.21225901303492134e-01
 9.42085452809928725e-01
 2.19537272014229428e-04
 8.96117379981406281e-01
 5.18623536630088023e-03
 2.35753741734919114e-02
 1.04376128617425064e+01
 1.45011474001877528e-04
 1.31867138000000011e+02
 7.23427416881897600e-01
 1.61060066912323517e-02
 8.51231003574148715e-01
 1.33803824367709207e-04
 1.08248840731425688e+00
 1.07465920919836821e+00
 1.09022826091252269e-02
 1.07502637579395110e-02
 2.78057506848328672e-04
 9.90609697992668181e-01
 1.58918989366084007e-01
 1.89915787235471879e-04
 9.97432348264789881e-01
 3.26509195512259931e-01
 2.34615392523464201e-04
 9.45430720036179673e-01
0.0
0.0
 2.61535789116421478e-16
 3.33727026226472642e-15