-7.76398027275681244e+01
 5.18733690033430436e-03
 9.25172374557296173e-01
 9.45285805575228233e-01
 2.12789708980526073e-04
 8.67271043806387087e-01
 1.02268701342065789e-02
 2.61665493692021765e-02
 1.05587502409085197e+01
 1.46731379452340712e-04
 1.31867138000000011e+02
 7.22605592806506158e-01
 1.86545524659671551e-02
 8.25995179982385808e-01
 1.34335897192997894e-04
 1.12194643109892289e+00
 1.11767922006294929e+00
 1.14421763360734625e-02
 1.13286964456743734e-02
 1.44749543852889460e-04
 9.98733984112507578e-01
 1.78698489793892440e-01
 9.18942361769568145e-05
 9.99725732375390641e-01
 3.51430104579863845e-01
 2.27939238756857493e-04
 9.41770062279497333e-01
0.0
0.0
 2.80108796961324210e-16
 3.67906101702059156e-15