-7.27338118521558101e+01
 3.84977318992496195e-03
 8.48411093145134410e-01
 8.47945109463960733e-01
 1.68946274954159469e-05
 9.98315716242757056e-01
 9.98312901684306864e-01
 1.22566454582936999e-03
 9.42747229172930634e-01
 1.92738356012922698e-04
 9.97521092894410266e-01
 1.73432211893335118e-03
 6.63027061194543336e-05
 7.27450131630328212e+00
 1.30776447503758305e+02
 5.08333261888268030e-05
 5.74944384814569969e-05
 2.09122772135810209e-02
 1.00645739533199562e-02
 1.53457195548374892e-01
 7.47037236675617389e-01
 1.30014215650468458e+02
 5.50880925157661228e+00
 1.81946436185493110e+00
 3.82829678334506762e-01
 5.16895391729087939e-01
 5.21858962755678446e-01
 7.25507078222434432e-01
 1.90034126941643236e-03