-7.19050377598416333e+01
 4.25696182338326269e-03
 8.25820901907627247e-01
 7.84817098784599709e-01
 1.94990683064827243e-05
 9.98103862516831142e-01
 9.96290779552518768e-01
 1.32164194996105050e-03
 9.12659963802995300e-01
 2.14076722025409813e-04
 9.81097838337846473e-01
 8.85926391580170794e-03
 7.70419127772590059e-05
 8.89946858974082389e+00
 1.29040475629976243e+02
 8.63850516237108201e-05
 9.40655108221465601e-05
 3.50276472680797410e-02
 1.69852626721693767e-02
 2.44799820558759290e-01
 6.66418745137857482e-01
 1.30004260053343216e+02
 5.92662541267815790e+00
 1.81954880099192096e+00
 4.69630024339409535e-01
 7.37939089213254906e-01
 7.86850717420144452e-01
 2.91136833059833788e-01
 4.10603555456976171e-03