-7.28827904136976485e+01
 3.78084956633258258e-03
 8.48906565135303381e-01
 7.82327638751523891e-01
 1.64915359478922082e-05
 9.98341318349652673e-01
 9.95933607450437131e-01
 1.20977298119704963e-03
 9.11428471617089064e-01
 1.90000717502133428e-04
 9.82248990659079668e-01
 8.07519656507802407e-03
 6.74376733955014002e-05
 8.16962753171585199e+00
 1.29876123552554844e+02
 5.71252730882599720e-05
 6.06695946392600170e-05
 2.34616811017931449e-02
 1.13092696969485738e-02
 1.90165614623639817e-01
 7.14617758317387608e-01
 1.30022909479663213e+02
 6.05132171991123702e+00
 1.80545983199130244e+00
 3.68744840362240200e-01
 4.87110739286071903e-01
 5.21770576129857555e-01
 2.90394111524867826e-01
 1.12677560676825868e-03