-7.33307514360266595e+01
 3.58077388302772363e-03
 8.61446412945671480e-01
 8.46197775591559842e-01
 1.52496887837656301e-05
 9.98448608143257421e-01
 9.98324093190978368e-01
 1.16117424771232532e-03
 9.42410687808028613e-01
 1.79126740986467272e-04
 9.90324244020325484e-01
 5.12923811089403565e-03
 6.04480180368002651e-05
 7.61033370596755887e+00
 1.30462891678399586e+02
 4.74984254597747566e-05
 5.06007236383428547e-05
 1.95730915176518770e-02
 9.41403845426273637e-03
 1.51634541120187843e-01
 7.48637509143821434e-01
 1.30029985333425259e+02
 5.81609458001064983e+00
 1.80310964706154131e+00
 3.53859782718004556e-01
 4.56485469652173403e-01
 4.68882557060500360e-01
 4.14758167888139184e-01
 8.53255633732215388e-04