-7.24415431111317503e+01
 3.98874465677283123e-03
 8.40334029145500927e-01
 8.22160274037967209e-01
 1.77744728683529909e-05
 9.98242552194072541e-01
 9.97921986098720959e-01
 1.25877068011407203e-03
 9.34445035873749830e-01
 2.00123352935240544e-04
 9.86398601239754647e-01
 6.99577708455933339e-03
 7.00375866268395736e-05
 8.47340479783368750e+00
 1.29498327268343189e+02
 7.32283452931934087e-05
 8.02718144028333701e-05
 2.98532459942431536e-02
 1.44363798281171470e-02
 2.12447849724059890e-01
 6.94973502252468123e-01
 1.30008288656291739e+02
 5.80752332884063360e+00
 1.81894745197993024e+00
 4.50061191483337675e-01
 6.82005367957798758e-01
 7.07905739996058436e-01
 3.64676212836892111e-01
 3.11351957121798950e-03