-7.31759402607698348e+01
 3.64869938062725154e-03
 8.56995848445064601e-01
 8.20367146248538903e-01
 1.56698403076403807e-05
 9.98411640242721110e-01
 9.97703340129790450e-01
 1.17779089482047223e-03
 9.32579660873262939e-01
 1.82876191616568480e-04
 9.86304351911144295e-01
 6.62246623475895146e-03
 6.25470907583905314e-05
 7.90076862726583329e+00
 1.30160094374748979e+02
 5.18159658177305446e-05
 5.50904200440936468e-05
 2.13207787900196941e-02
 1.02648457557903069e-02
 1.69399736088370528e-01
 7.32952279537737894e-01
 1.30026400193498034e+02
 5.93362665860201588e+00
 1.80437495293678141e+00
 3.60372419742049588e-01
 4.69715489170806244e-01
 4.92337652660084057e-01
 3.43386665568174099e-01
 9.55301579187854775e-04