-7.33125220892939780e+01
 3.58869533993179043e-03
 8.61691720311910214e-01
 8.57843851221831377e-01
 1.52921729309578144e-05
 9.98446655661425098e-01
 9.98433756178775722e-01
 1.16296660170896876e-03
 9.45014380780176078e-01
 1.79353285050432303e-04
 9.94131294557004108e-01
 3.57330908171173394e-03
 6.03184316597693649e-05
 7.30500796304852962e+00
 1.30777797148934980e+02
 4.43177427377332921e-05
 4.73665837678798342e-05
 1.82821909791473919e-02
 8.78668467750156994e-03
 1.38487219038392118e-01
 7.60245216488271480e-01
 1.30033581088803231e+02
 5.69877405024600936e+00
 1.80165303900796325e+00
 3.48390642170964437e-01
 4.45590572423916031e-01
 4.50772488815952388e-01
 5.15662461669790906e-01
 8.33625516857975637e-04