-7.27061667349216094e+01
 3.86271189094301208e-03
 8.47451051005226885e-01
 8.42563637903147700e-01
 1.69776807106146831e-05
 9.98308290156046385e-01
 9.98283593981599049e-01
 1.22879710393117140e-03
 9.41756875730331955e-01
 1.93480808233551020e-04
 9.91769853881359853e-01
 4.97639984754155544e-03
 6.67495574508195078e-05
 8.01836503651890631e+00
 1.29984282780561301e+02
 6.30868636676032402e-05
 6.97936349262664573e-05
 2.58237509653852955e-02
 1.24608530118421497e-02
 1.85357692283778186e-01
 7.18884249600009850e-01
 1.30011587199110380e+02
 5.68815896099666318e+00
 1.81875427969208103e+00
 4.27110284681845753e-01
 6.21263311310156330e-01
 6.33815838411529664e-01
 4.67451246008316446e-01
 2.48521391341132358e-03