-7.10266381522244075e+01
 4.73537432568561876e-03
 8.01457926840885015e-01
 7.32500624633935615e-01
 2.26705649523226570e-05
 9.97859387857880420e-01
 9.91881600957552179e-01
 1.43101983763284217e-03
 8.70404048151011245e-01
 2.38502525408368859e-04
 9.75967779424869897e-01
 1.06566570797426968e-02
 9.17158996678078613e-05
 9.28793226240996184e+00
 1.28619816696288979e+02
 1.04087788602351208e-04
 1.12653451738987790e-04
 4.18841301715468170e-02
 2.03822258433419348e-02
 2.81148102815059420e-01
 6.34340688710024136e-01
 1.29999372577635341e+02
 6.04575571318497307e+00
 1.82046193153887526e+00
 4.85372909032655619e-01
 7.85925072145044479e-01
 8.71424206634886067e-01
 2.35008076921960268e-01
 5.60042311969868867e-03