-7.34665254083133021e+01
 3.52223846623515467e-03
 8.65243145841060102e-01
 8.60756339704510376e-01
 1.48901242421525155e-05
 9.98480403705265918e-01
 9.98462257204260073e-01
 1.14678390843352780e-03
 9.45688441120699719e-01
 1.75891942717080140e-04
 9.91931760544134233e-01
 4.87590455473693122e-03
 5.87319551820945091e-05
 8.11621145516121167e+00
 1.29884302571049290e+02
 6.36753226691987224e-05
 6.95904841330214220e-05
 2.60582374876547479e-02
 1.25755544461091402e-02
 1.86724680050019520e-01
 7.17677973304492123e-01
 1.30008836586583158e+02
 1.81938575850976680e+00
 4.28895618505735488e-01
 6.25807076528629103e-01
 6.38938128595675336e-01
 4.66141536904000064e-01
 2.55423444582014367e-03