-7.29243236379452071e+01
 3.76179838140303612e-03
 8.53098993969932606e-01
 8.53013962240691148e-01
 1.63474767809794884e-05
 9.98360668539407636e-01
 9.98360212594377461e-01
 1.20461666669978776e-03
 9.43706689994705084e-01
 1.88165323184870127e-04
 9.97751937217958629e-01
 1.32172718900010287e-03
 6.41721418781485202e-05
 6.83899988864958086e+00
 1.31254529268221603e+02
 4.15607270860014682e-05
 4.47829242261819612e-05
 1.71626073808691798e-02
 8.24351749972117992e-03
 1.28880330403629284e-01
 7.68725519491571863e-01
 1.30037165372204925e+02
 5.52396257753049369e+00
 1.79959319278846763e+00
 3.39172710036533764e-01
 4.27714127445656012e-01
 4.29491531758530665e-01
 7.63403161891635151e-01
 9.95518813819866455e-04