-7.51930824794412160e+01
 7.69880406277026995e-03
 8.76353602478617044e-01
 8.94936133611718421e-01
 1.61734439759097193e-05
 9.98767256904486533e-01
 4.41138040333500861e-02
 3.27330725321135149e-02
 2.43255325205380402e-02
 6.62859451493250356e-03
 1.17569801108575187e-03
 9.53208016998722707e-01
 3.20673176785671928e-04
 9.73659688415957847e-01
 7.69880406277245483e-03
 4.57557589633103973e-02
 7.79819144301425182e-01
 1.69751492283060599e-06
 4.79286252051952774e-07
 3.64754789924585587e+00
 7.95873992595697910e-01
 1.80119706032302283e-02
 1.25454075601471593e-01
 6.88376520182993647e-03
 6.85885783789220061e-04
 3.28129904296016505e-03
 1.36219448279980837e-01
 4.37558891642956041e-03
 1.29361093679681259e-02
 2.09676276008584316e-02
 1.01293152616695040e-01
 1.88663442156974642e-01
 9.31363911112853771e+00
 9.31449739044782632e+00
 9.31473250527565710e+00
120.0
 1.10723808301249682e+00
 3.10363116111193112e-04
 2.28147020575693679e-04
 4.82129958486366639e-01
 2.05752618879381896e-04