-7.53051967223352960e+01
 7.56149979168268833e-03
 8.79193128970258475e-01
 9.01020026665463547e-01
 1.58737064969299676e-05
 9.98830267564082885e-01
 4.24532604331311486e-02
 3.12463335047885107e-02
 3.26608056389798233e-03
 6.57614560058629623e-03
 1.16374231600406552e-03
 9.53700895663788795e-01
 3.16402217830284867e-04
 9.64396986870030171e-01
 7.56149979168268919e-03
 5.59358740509891539e-02
 8.08496820533396887e-01
 1.75643175745293131e-06
 4.16029370968665017e-07
 3.66079898584852481e+00
 7.98856710318593288e-01
 1.76709317030357034e-02
 1.27406149899540744e-01
 5.90849629634754205e-03
 6.71350579802482204e-04
 3.79421118041583074e-03
 1.35693011914470196e-01
 4.30155566754707522e-03
 1.28456367519261885e-02
 2.04812946782915346e-02
 1.00877519443722127e-01
 1.85842314753846938e-01
 9.37875499410117186e+00
 9.37977553367083416e+00
 9.38002896106546658e+00
120.0
 1.11486857275637008e+00
 3.08156569563068335e-04
 2.22785900682417323e-04
 4.87946623668832735e-01
 2.01345850711620469e-04