-7.38506207476545882e+01
 9.54250476266462269e-03
 8.39840485048591878e-01
 8.61100273354031498e-01
 2.02278837782755391e-05
 9.98507255744564226e-01
 3.89612683074334332e-02
 2.86242146725222274e-02
 2.04580176688273557e-03
 7.27665017305717879e-03
 1.32797951836246425e-03
 9.47833912408186485e-01
 3.74525349062351136e-04
 9.85713208604167002e-01
 9.54250476266458973e-03
 4.95610845725835344e-02
 8.20086298735784536e-01
 1.44257499269803422e-06
 3.16474585172912442e-07
 3.43898183605799224e+00
 7.50411812429744529e-01
 1.66285448327273683e-02
 1.23894447354471832e-01
 7.61921973172320719e-03
 6.22719760694634655e-04
 2.93070123723403013e-03
 1.36569608809200077e-01
 4.05533617563678603e-03
 1.18248675498124779e-02
 1.89088236394765880e-02
 9.66323543151407782e-02
 1.77085212725897251e-01
 8.33858792884803357e+00
 8.33843893911836531e+00
 8.33856854776499468e+00
120.0
 1.09253958874987300e+00
 2.83144578684134396e-04
 2.05423431001797011e-04
 4.71090849632905873e-01
 1.86435686195453960e-04