-7.47809035305686365e+01
 8.22465544295233192e-03
 8.66041948783117133e-01
 8.87065469924083638e-01
 1.73230710163230373e-05
 9.98715489717609928e-01
 4.18201707330915426e-02
 3.10518621395744245e-02
 1.47553337544656729e-02
 6.82075249134937462e-03
 1.22047004396511885e-03
 9.51650898903473874e-01
 3.36255770810374118e-04
 9.77438449471220494e-01
 8.22465544295231631e-03
 4.74234996814708876e-02
 7.97137396249712138e-01
 1.60722797563063190e-06
 4.09017569392897677e-07
 3.58370808885618120e+00
 7.81960475267721389e-01
 1.75036942270485538e-02
 1.24960039104813778e-01
 7.11616517999907536e-03
 6.62399972016177439e-04
 3.16288604973532107e-03
 1.36337417533811400e-01
 4.25808109089870039e-03
 1.25238055678884262e-02
 2.01874908319853059e-02
 9.96038242575605498e-02
 1.84365877822781327e-01
 9.00429934199475390e+00
 9.00485677245596960e+00
 9.00505987716341139e+00
120.0
 1.10228060891885327e+00
 3.00253369235022602e-04
 2.19529625874978978e-04
 4.78382484306345501e-01
 1.98561888077986135e-04