-7.30993544574161405e+01
 1.07536629473687310e-02
 8.15711515024520439e-01
 8.35982405445874655e-01
 2.29257901296381411e-05
 9.98309546903563105e-01
 3.74438006325282513e-02
 2.74835409443523158e-02
 1.85430795497131456e-05
 7.66718650662404425e-03
 1.42169085899358717e-03
 9.44522631127982959e-01
 4.08650540121950352e-04
 9.92713252540870617e-01
 1.07536629473687327e-02
 4.93049971843721249e-02
 8.25322511002950843e-01
 1.31214643737099630e-06
 2.77710054476199435e-07
 3.30898780378296919e+00
 7.22055740173772498e-01
 1.61554914171524733e-02
 1.22965875500197414e-01
 8.06448680678157823e-03
 6.01085536136945721e-04
 2.75091910775167314e-03
 1.36750736648371396e-01
 3.94320216855433350e-03
 1.13788739643854529e-02
 1.82144316226714453e-02
 9.46664763704733458e-02
 1.73035231917834431e-01
 7.77953931619262917e+00
 7.77877731434853192e+00
 7.77884282982962461e+00
120.0
 1.08015972130161408e+00
 2.72245380320888287e-04
 1.97769964970879309e-04
 4.61958945461902137e-01
 1.79818067548448326e-04