-7.69688453448297736e+01
 5.78308219565483797e-03
 9.13119521025275604e-01
 9.28270615973386115e-01
 1.20327180456125193e-05
 9.98969613826383163e-01
 5.69863647889242986e-02
 4.36410782973443573e-02
 3.23247393393977650e-02
 5.86285002229000336e-03
 1.00103040371490198e-03
 9.59273374398124989e-01
 2.61816324558768914e-04
 9.39335109793872802e-01
 5.78308219565352392e-03
 4.76761418410072274e-02
 7.18720845952629195e-01
 2.51309163578867319e-06
 9.83513287608877573e-07
 3.96311586991514364e+00
 8.64783058676405147e-01
 2.15203742371624859e-02
 1.30713773541712180e-01
 4.35125208066243323e-03
 8.57050975674042794e-04
 5.24950763131909297e-03
 1.34232000249526529e-01
 5.17953411370018421e-03
 1.58798542503675970e-02
 2.63022709390316987e-02
 1.11852905140172945e-01
 2.14409785474332842e-01
 1.10058153046157869e+01
 1.10081210096470805e+01
 1.10085156510346867e+01
120.0
 1.13364622746467614e+00
 3.83006017397476443e-04
 2.87382899383120639e-04
 5.02519808507243426e-01
 2.58480038891503955e-04