-7.59978637890618103e+01
 6.76444508507045243e-03
 8.94686797726281791e-01
 9.15726270888216121e-01
 1.41437197281348766e-05
 9.98953984147623708e-01
 4.56776648937654225e-02
 3.42679452812679822e-02
 1.03981024018164302e-02
 6.26771715478046613e-03
 1.09290408675883992e-03
 9.56210515659923432e-01
 2.92160309742124603e-04
 9.55031785122287591e-01
 6.76444508507042554e-03
 5.42288166649665671e-02
 7.85901475027250607e-01
 1.96276138591127285e-06
 5.34697325511854679e-07
 3.77211160513920118e+00
 8.23133822396604709e-01
 1.87545097059514318e-02
 1.28665159837075299e-01
 5.31174764972710666e-03
 7.21551905370606140e-04
 4.25248382453435273e-03
 1.35231539794103794e-01
 4.54957850428896766e-03
 1.36745050612667937e-02
 2.20652367548496257e-02
 1.04123611375691663e-01
 1.94264120698154213e-01
 9.94753793810256681e+00
 9.94910317852877668e+00
 9.94941416852869054e+00
120.0
 1.12012891836612627e+00
 3.28523128239279220e-04
 2.40306067530535308e-04
 4.91991826314307434e-01
 2.16724878188099315e-04