-7.65478079985913951e+01
 6.19032305902953144e-03
 9.05611165303378929e-01
 9.24920134238489511e-01
 1.29059562860427665e-05
 9.99020414899223663e-01
 5.02946438906786766e-02
 3.83541712653900149e-02
 2.06314129291784512e-02
 6.03415861434863227e-03
 1.03981556694684421e-03
 9.58046735198982868e-01
 2.74410102951036527e-04
 9.46761447634412390e-01
 6.19032305902954359e-03
 5.14031804679350793e-02
 7.55069264732477707e-01
 2.21481580793185547e-06
 7.18437339140081358e-07
 3.87186575820659717e+00
 8.44886618058537042e-01
 2.00651681419821461e-02
 1.29755290569157827e-01
 4.79965539382127410e-03
 7.84333872839217041e-04
 4.73574317828515112e-03
 1.34746528076573058e-01
 4.84842926156537918e-03
 1.46923884757513782e-02
 2.40264588537033620e-02
 1.07844332176361496e-01
 2.03993586816215128e-01
 1.04865408482868805e+01
 1.04885253436614949e+01
 1.04888827256167083e+01
120.0
 1.12637030584109632e+00
 3.53616410816441152e-04
 2.62058464778203463e-04
 4.96828938628252614e-01
 2.36025389774133221e-04