-7.39160974246967015e+01
 9.44342485250288140e-03
 8.41871461543166943e-01
 8.63368786465854798e-01
 2.00081935422193627e-05
 9.98524930959376555e-01
 3.94827304604320056e-02
 2.87013704814371613e-02
 3.07493912429928303e-05
 7.24320159850107975e-03
 1.32008992050331223e-03
 9.48128069693148556e-01
 3.71642493560208319e-04
 9.81380653074974019e-01
 9.44342485250291783e-03
 5.46677451716908597e-02
 8.23673943276362230e-01
 1.52887763057416663e-06
 3.27287431550258132e-07
 3.45818256620087139e+00
 7.54644097874178188e-01
 1.67046058398845516e-02
 1.25067764385830810e-01
 7.03918261182222022e-03
 6.27147184327447611e-04
 3.14396297586819846e-03
 1.36351939290340202e-01
 4.07698310640777599e-03
 1.20084033915317384e-02
 1.90262963527839876e-02
 9.74002560337755979e-02
 1.77679944085639002e-01
 8.42352046904926866e+00
 8.42340510597158421e+00
 8.42354421332639092e+00
120.0
 1.10492387937010528e+00
 2.87640216599161544e-04
 2.06724817313454554e-04
 4.80377233170731222e-01
 1.87821503945347654e-04