-7.43298191243388260e+01
 8.84001873755274094e-03
 8.53838397255188952e-01
 8.75387299887229742e-01
 1.86753634841344233e-05
 9.98621376628122115e-01
 4.01880366010411230e-02
 2.96897292555979887e-02
 7.00132520695771841e-03
 7.03803598107310795e-03
 1.27146138934087398e-03
 9.49842011899115879e-01
 3.54279038635576550e-04
 9.81438610983514037e-01
 8.84001873755277216e-03
 4.87147039175731267e-02
 8.10940542052377311e-01
 1.52339579118289281e-06
 3.55154919842233397e-07
 3.51457229251474068e+00
 7.66891164628176303e-01
 1.70350601142381583e-02
 1.24442377138888394e-01
 7.35994744391858021e-03
 6.41071255356952816e-04
 3.04640154481197831e-03
 1.36453704159529454e-01
 4.14972765845200795e-03
 1.21537422096905778e-02
 1.94973475096429510e-02
 9.80480477154701685e-02
 1.80472672616819235e-01
 8.68032822657576375e+00
 8.68055031556276191e+00
 8.68071833710929042e+00
120.0
 1.09757141781945866e+00
 2.91190241994729250e-04
 2.11913298550534272e-04
 4.74845603765390978e-01
 1.92041450772234779e-04